x         y         theta     theta_dot 
260       200       0         0         
-258.346  200.0     -0.0      -0.0      
-260.378  200.0     -0.0      0.0       
-258.427  200.0     -0.0      0.0       
-254.952  200.0     -0.0      0.0       
-250.879  200.0     -0.0      0.0       
-246.46   200.0     -0.0      0.0       
-241.37   200.0     -0.0      0.0       
-236.79   200.0     -0.0      -0.0      
-232.21   200.0     -0.0      -0.0      
-227.681  200.0     -0.0      0.0       
-223.173  200.0     -0.0      -0.0      
-218.803  200.0     -0.0      0.0       
-214.151  200.0     -0.0      -0.0      
-209.62   200.0     -0.0      0.0       
-205.249  200.0     -0.0      0.0       
-200.921  200.0     -0.0      0.0       
-196.249  200.0     -0.0      0.0       
-191.807  200.0     -0.0      0.0       
-187.145  200.0     -0.0      0.0       
-182.674  200.0     -0.0      0.0       
