x y theta theta_dot
281.49, 225.13, 1.0, 0
276.52, 240.97, 0.99, 0.01
281.54, 262.99, 0.98, -0.0
285.26, 265.02, 0.99, 0.01
297.44, 285.8, 0.99, 0.0
306.98, 288.63, 1.01, -0.01
343.7, 288.48, 1.01, -0.0
354.15, 292.19, 1.01, -0.0
358.43, 295.52, 1.0, -0.01
361.57, 303.23, 1.0, -0.0
357.26, 305.39, 1.0, 0.01
345.2, 328.24, 0.99, -0.02
356.23, 326.06, 0.99, 0.01
359.73, 347.06, 0.98, -0.01
375.16, 353.61, 1.01, -0.0
379.12, 362.19, 1.0, 0.01
382.25, 367.56, 1.01, -0.01
374.08, 381.85, 1.03, -0.01
382.58, 399.97, 1.04, -0.0
382.58, 399.97, 1.04, 0.01
