x y theta theta_dot
265, 200, 0, 0
269.46, 200.04, 0.0, 0
274.05, 199.92, 0.01, 0.0
278.39, 199.99, 0.02, 0.0
282.88, 200.09, 0.01, -0.0
287.51, 200.39, 0.0, 0.0
292.15, 200.22, 0.0, 0.0
296.58, 200.1, 0.01, 0.0
301.06, 200.17, 0.01, 0.0
305.63, 200.24, 0.01, 0.0
310.32, 200.25, 0.03, -0.0
314.8, 200.34, 0.03, -0.0
319.38, 200.38, 0.03, 0.0
323.91, 200.59, 0.04, 0.0
328.53, 200.97, 0.03, 0.0
332.99, 201.09, 0.02, -0.0
337.57, 201.3, 0.02, -0.0
342.15, 201.4, 0.01, 0.0
346.72, 201.43, 0.02, -0.0
351.38, 201.52, 0.04, 0.0
356.08, 201.65, 0.05, 0.0
352.76, 201.59, 0.04, -0.0
349.46, 201.51, 0.05, 0.0
346.12, 201.38, 0.06, -0.0
342.61, 201.12, 0.07, -0.0
339.13, 200.91, 0.08, -0.0
335.75, 200.44, 0.07, 0.0
332.57, 200.22, 0.07, -0.0
329.23, 200.0, 0.06, 0.0
325.91, 199.81, 0.05, 0.0
322.56, 199.68, 0.05, 0.0
319.07, 199.51, 0.05, -0.0
315.7, 199.34, 0.04, 0.0
312.35, 199.12, 0.03, -0.0
308.88, 198.98, 0.01, -0.0
305.47, 199.02, 6.28, 0.0
302.25, 199.31, 0.01, -0.0
298.81, 199.29, 0.01, -0.0
295.16, 199.21, 6.28, -0.0
291.83, 199.18, 0.0, 0.0
288.4, 199.13, 6.27, 0.0
