x y theta theta_dot
260, 200, 0,0
263.68, 197.72, 6.05,-1.12
192.91, 171.91, 7.24,-1.14
215.58, 158.87, 0.52,-1.14
229.35, 132.08, 0.06,-1.14
244.99, 104.31, 6.41,-1.14
249.57, 87.5, 0.02,-1.14
249.23, 75.26, 6.14,-1.14
254.74, 65.93, 6.19,-1.14
262.65, 58.86, 6.28,-1.14
273.94, 52.47, 6.27,-1.14
284.82, 47.2, 6.31,-1.14
297.32, 41.48, 6.24,-1.14
306.79, 38.85, 6.37,-1.14
320.47, 31.34, 6.08,-1.14
324.31, 30.5, 6.17,-1.14
329.51, 27.72, 6.11,-1.14
334.51, 25.79, 6.16,-1.14
339.63, 23.69, 6.15,-1.14
344.64, 22.15, 6.19,-1.14
349.68, 20.65, 6.19,-1.14
354.67, 19.42, 6.22,-1.14
359.63, 18.5, 6.22,-1.14
364.57, 17.7, 6.27,-1.14
369.53, 16.95, 6.24,-1.14
374.37, 16.85, 6.35,-1.14
358.53, 17.98, 6.19,-1.14
363.2, 19.34, 6.5,-1.14
353.76, 20.47, 0.18,-1.14
347.02, 31.81, 0.16,-1.14
342.06, 43.92, 0.27,-1.14
340.76, 60.35, 0.93,-1.14
352.25, 78.07, 1.04,-1.14
365.09, 93.48, 1.07,-1.14
377.19, 106.13, 1.15,-1.14
356.68, 112.64, 0.92,-1.14
365.7, 125.23, 1.36,-1.14
344.45, 134.19, 0.54,-1.14
347.06, 152.74, 1.82,-1.14
321.05, 156.22, 2.43,-1.14
300.5, 170.11, 2.6,-1.14
